// case : player bump the ball and loss the game
[ 36 244 396 244  56   0   0   0   0   0   0   0   0   0   0   0] // game start                         r = -2.1
[ 36 244 396 244  56   0  12 -31   0   0   0   3   0   0   0   0]                                       r = -2.8
[ 48 213 396 244  56   3   0 -39   0   0   0  12   0   0   0   0]                                       r = -3.6
[ 48 174 396 244  56  15   0 -21   0   0   0  13   0   0   0   0]                                       r = -4.8
[ 48 153 396 244  56  28   0 -24 -12   0   0  27   0   0   0   0]                                       r = -6.4
[ 48 129 384 244  56  55   6 -11 -12   0   0  23   0   0   0   0]                                       r = -8
[ 54 118 372 244  56  78  18  -9 -18   0  40 -46   0   0   0   0] // opponent bump the ball             r = -10
[ 72 109 354 244  96  32  12  -1  -6   0  40 -27   0   0   0   0]                                       r = -12.8
[ 84 108 348 244 136   5  18   6   0   0  60   9   0   0   0   0]                                       r = -16.3
[102 114 348 244 196  14  18  15   6 -45  60  18   0   0   0   0] // ball over the net from opponent    r = -20.4
[120 129 354 199 256  32  12  15  12 -25  40  17   0   0   0   0]                                       r = -26.6
[132 144 366 174 296  49  18  30  18 -30  60  33   0   0   0   0]                                       r = -32
[150 174 384 144 356  82  12  25  12 -15  40  27   0   0   0   0]                                       r = -40
[162 199 396 129 396 109  18  45   4 -15 -20 -42   0   0   0   0] // player bump the ball               r = -50
[180 244 400 114 376  67   4   0   0  -5 -40 -23   0   0   0   0]                                       r = 0
[184 244 400 109 336  44   0   0   0   0 -60 -27   0   0   0   0]                                       r = 0
[184 244 400 109 276  17   0   0   0   5 -40 -13   0   0   0   0]                                       r = 0
[184 244 400 114 236   4   0   0   0  15 -60   6   0   0   0   0] // ball over the net from player      r = 0
[184 244 400 129 176  10   0   0  -6  15 -40   9   0   0   0   0]                                       r = 0
[184 244 394 144 136  19   0   0 -18  30 -60  21   0   0   0   0]                                       r = 0
[184 244 376 174  76  40   0   0 -12  25 -40  19   0   0   0   0]                                       r = 0
[184 244 364 199  36  59   0   0 -18  45  60  36   0   0   0   0] // wall bump the ball                 r = 0
[184 244 346 244  96  95   0   0 -12   0  40  29   0   0   0   0]                                       r = 0
[184 244 334 244 136 124   0   0 -18   0  60  51   0   0   0   0]                                       r = 0
[184 244 316 244 196 175   0   0  -6   0  40  39   0   0   0   0] // ball over the net from opponent    r = 0
[184 244 310 244 236 214   0   0   0   0  20  38   0   0   0   0]                                       r = 0
[184 244 310 244 256 252   0   0   0   0   0   0   0   0   0   0] // loss the game                      r = 0

// case : player bump the ball and win the game
[ 36 244 396 244  56   0   0   0   0   0   0   0   0   0   0   0] // game start
[ 36 244 396 244  56   0   6 -16   0   0   0   1   0   0   0   0]
[ 42 228 396 244  56   1   6 -42   0   0   0   9   0   0   0   0]
[ 48 186 396 244  56  10   0 -33   0   0   0  18   0   0   0   0]
[ 48 153 396 244  56  28   0 -17   0   0   0  17   0   0   0   0]
[ 48 136 396 244  56  45   6 -18   0   0   0  33   0   0   0   0]
[ 54 118 396 244  56  78  12  -7  -6   0  20 -17   0   0   0   0] // opponent bump the ball
[ 66 111 390 244  76  61  18  -3 -18 -16  60 -56   0   0   0   0]
[ 84 108 372 228 136   5  12   3   6 -29  40   5   0   0   0   0]
[ 96 111 378 199 176  10  18  12  18 -36  60  15   0   0   0   0] // ball over the net from opponent
[114 123 396 163 236  25  12  13   4 -19  40  15   0   0   0   0]
[126 136 400 144 276  40  18  27   0 -21  60  30   0   0   0   0]
[144 163 400 123 336  70  12  23   0  -9  40  25   0   0   0   0]                                       ... discount
[156 186 400 114 376  95  18  42   0  -6 -60   3   0   0   0   0] // player bump the ball               r = 100
[174 228 400 108 316  98  10  16 -12   1 -40   7   0   0   0   0]                                       r = 0
[184 244 388 109 276 105 -18   0 -18   9 -60  18   0   0   0   0]                                       r = 0
[166 244 370 118 216 123 -12   0 -12  11 -40  17   0   0   0   0] // ball over the net from player      r = 0
[154 244 358 129 176 140 -18   0   0  24 -60  33   0   0   0   0]                                       r = 0
[136 244 358 153 116 173 -12   0   0  21 -40  27   0   0   0   0]                                       r = 0
[124 244 358 174  76 200 -20  -5   0  39 -20  48   0   0   0   0]                                       r = 0
[104 239 358 213  56 248  -8  -4   0  15   0   4   0   0   0   0]                                       r = 0
[ 96 235 358 228  56 252   0   0   0   0   0   0   0   0   0   0] // win the game                       r = 0

// case : opponent drag time
[ 36 244 396 244  56   0   0   0   0   0   0   0   0   0   0   0] // game start
[ 36 244 396 244  56   0  12 -45   0   0   0   6   0   0   0   0]
[ 48 199 396 244  56   6   0 -25   0   0   0   9   0   0   0   0]
[ 48 174 396 244  56  15   0 -30   0   0   0  21   0   0   0   0]
[ 48 144 396 244  56  36   0 -15   0   0   0  19   0   0   0   0]
[ 48 129 396 244  56  55  12 -15   0   0   0  36   0   0   0   0]
[ 60 114 396 244  56  91  12  -5  -6   0  40 -59   0   0   0   0] // opponent bump the ball
[ 72 109 390 244  96  32  18   0 -18   0  60 -25   0   0   0   0]
[ 90 109 372 244 156   7  12   5 -12   0  40   7   0   0   0   0]
[102 114 360 244 196  14  18  15  -6 -16  60  18   0   0   0   0] // ball over the net from opponent
[120 129 354 228 256  32  12  15  12 -29  40  17   0   0   0   0]
[132 144 366 199 296  49  18  30  18 -36  60  33   0   0   0   0]
[150 174 384 163 356  82  12  25  12 -19  40  27   0   0   0   0]                                       ... discount
[162 199 396 144 396 109  18  45   4 -21 -20  16   0   0   0   0] // player bump the ball               r = 50
[180 244 400 123 376 125   4   0   0  -9 -40   5   0   0   0   0]
[184 244 400 111 316 134   0   0   0  -3 -40  11   0   0   0   0]
[184 244 400 108 276 145   0   0   0   3 -60  24   0   0   0   0]
[184 244 400 111 216 169   0   0   0   7 -40  -1   0   0   0   0] // ball over the net from player
[184 244 400 118 176 168   0   0   0  18 -60 -27   0   0   0   0]
[184 244 400 136 116 141   0   0   0  17 -40 -13   0   0   0   0]
[184 244 400 153  76 128   0   0   0  33 -20 -12   0   0   0   0]
[184 244 400 186  56 116   0   0   0  27  40  -3   0   0   0   0] // wall bump the ball
[184 244 400 213  96 113   0   0 -18  31  60   3   0   0   0   0]
[184 244 382 244 156 116   0   0 -12   0  40   7   0   0   0   0]
[184 244 370 244 196 123   0   0   0   0  60  18   0   0   0   0] // ball over the net from opponent
[184 244 370 244 256 141   0   0  12 -16  40  17   0   0   0   0]
[184 244 382 228 296 158   0   0  -6 -42  60  33   0   0   0   0]                                       ... discount
[184 244 376 186 356 191 -12   0 -12 -23 -12 -29   0   0   0   0] // player bump the ball               r = 50
[172 244 364 163 344 162 -12   0 -12 -27 -18 -36   0   0   0   0]
[160 244 352 136 326 126   0   0   0 -13 -12 -19   0   0   0   0]
[160 244 352 123 314 107   0   0 -18 -12 -18 -21   0   0   0   0]
[160 244 334 111 296  86   0   0  -6  -3 -12  -9   0   0   0   0]
[160 244 328 108 278  74   0   0  -6   3 -12  -3   0   0   0   0]
[160 244 322 111 266  71   0   0 -18  12 -18   3   0   0   0   0]
[160 244 304 123 248  74   0   0 -12  13 -12   7   0   0   0   0]
[160 244 292 136 236  81   0   0  -6  27 -18  18   0   0   0   0]
[160 244 286 163 218  99   0   0   0  23 -12  17   0   0   0   0] // ball over the net from player
[160 244 286 186 206 116   0   0  18  42 -18  33   0   0   0   0]
[160 244 304 228 188 149   0   0  12  16 -12  27   0   0   0   0]
[160 244 316 244 176 176   0   0   6   0 -18  48   0   0   0   0]
[160 244 322 244 158 224 -12   0   0   0  -2 -35   0   0   0   0] // opponent bump the ball
[148 244 322 244 156 189 -18   0   0   0  -3 -45   0   0   0   0]
[130 244 322 244 153 144   0   0   0   0  -2 -25   0   0   0   0]
[130 244 322 244 151 119   0   0   0   0  -3 -30   0   0   0   0]
[130 244 322 244 148  89   0   0   0   0  -2 -15   0   0   0   0]
[130 244 322 244 146  74   0   0   0   0  -3 -15   0   0   0   0]
[130 244 322 244 143  59   0   0   0   0  -2  -5   0   0   0   0]
[130 244 322 244 141  54   0 -31   0   0  -3   0   0   0   0   0]
[130 213 322 244 138  54   0 -27   0   0  -2   5   0   0   0   0]
[130 174 322 244 135  63   0 -21   0   0  -2  11   0   0   0   0]
[130 153 322 244 133  74   0 -24   0   0  -3  24   0   0   0   0]
[130 129 322 244 130  98  12 -11   0   0  20 -59   0   0   0   0] // opponent bump the ball
[142 118 322 244 150  39  18  -9   0   0  30 -25   0   0   0   0]
[160 109 322 244 180  14  12  -1   6 -31  20   7   0   0   0   0]
[172 108 328 213 200  21  12   6  18 -39  30  18   0   0   0   0] // ball over the net from opponent
[184 114 346 174 230  39   0   9  12 -21  20  17   0   0   0   0]
[184 123 358 153 250  56   0  21 -18 -24  30  33   0   0   0   0]
[184 144 340 129 280  89   0  19 -12 -11  20  27   0   0   0   0]                                       ... discount
[184 163 328 118 300 116   0  36  -6  -9 -60   3   0   0   0   0] // player bump the ball               r = 50
[184 199 322 109 240 119   0  29  12  -1 -40   7   0   0   0   0]
[184 228 334 108 200 126 -18  16  18   6 -60  18   0   0   0   0] // ball over the net from player
[166 244 352 114 140 144 -12   0  12   9 -40  17   0   0   0   0]
[154 244 364 123 100 161 -20  -5  18  21 -60  33   0   0   0   0]
[134 239 382 144  40 194 -16  -7   0  19   0  27   0   0   0   0] // wall bump the ball 
[118 232 382 163  40 221 -24  -3   0  36  33  14   0   0   0   0]
[ 94 229 382 199  73 235 -16   3   0  29 -14 -31   0   0   0   0] // opponent bump the ball
[ 78 232 382 228  59 204 -24  12   0  16 -21 -39   0   0   0   0]
[ 54 244 382 244  38 165  -8   0   0   0 -14 -21   0   0   0   0]
[ 46 244 382 244  24 144   0   0   0   0  21 -24   0   0   0   0] // wall bump the ball 
[ 46 244 382 244  45 120   6   0 -12   0  14 -11   0   0   0   0]
[ 52 244 370 244  59 109  18   0 -18   0  21  -9   0   0   0   0]
[ 70 244 352 244  80 100  18   0 -18   0  21   0   0   0   0   0]
[ 88 244 334 244 101 100  12   0 -12   0  14   5   0   0   0   0]
[100 244 322 244 115 105  18   0  -6   0  21  15   0   0   0   0]
[118 244 316 244 136 120  12   0   0   0  14  15   0   0   0   0]
[130 244 316 244 150 135  18   0   0   0  21  30   0   0   0   0]
[148 244 316 244 171 165  12   0   0   0  14  25   0   0   0   0]
[160 244 316 244 185 190  -6   0   0   0   8  13   0   0   0   0]
[154 244 316 244 193 203 -12   0   0   0 -16 -29   0   0   0   0] // opponent bump the ball
[142 244 316 244 177 174 -12   0   0   0 -24 -36   0   0   0   0]
[130 244 316 244 153 138   0   0   0   0 -16 -19   0   0   0   0]
[130 244 316 244 137 119   0   0   0   0 -24 -21   0   0   0   0]
[130 244 316 244 113  98   0   0   0   0 -16  -9   0   0   0   0]
[130 244 316 244  97  89   0   0   0   0 -24  -6   0   0   0   0]
[130 244 316 244  73  83   0   0  -6   0 -16   1   0   0   0   0]
[130 244 310 244  57  84   0   0 -18   0 -24   9   0   0   0   0]
[130 244 292 244  33  93   0   0 -12   0   0  11   0   0   0   0] // wall bump the ball 
[130 244 280 244  33 104   0   0   6   0  24  24   0   0   0   0]
[130 244 286 244  57 128   0   0  12   0  16  21   0   0   0   0]
[130 244 298 244  73 149   0   0  18   0  24  39   0   0   0   0]
[130 244 316 244  97 188   0   0   0   0  16  31   0   0   0   0]
[130 244 316 244 113 219  -6   0   0   0 -15 -48   0   0   0   0] // opponent bump the ball
[124 244 316 244  98 171   0   0   0   0 -10 -27   0   0   0   0]
[124 244 316 244  88 144   0   0   0   0 -15 -33   0   0   0   0]
[124 244 316 244  73 111   0   0   0   0 -15 -24   0   0   0   0]
[124 244 316 244  58  87   0   0   0   0 -10 -11   0   0   0   0]
[124 244 316 244  48  76   0   0   0   0 -15  -9   0   0   0   0]
[124 244 316 244  33  67   0   0   0   0 -10  -1   0   0   0   0]
[124 244 316 244  23  66   0   0   0   0  15   6   0   0   0   0] // wall bump the ball 
[124 244 316 244  38  72   0   0   0   0  10   9   0   0   0   0]
[124 244 316 244  48  81   0   0   0   0  15  21   0   0   0   0]
[124 244 316 244  63 102   0   0   0   0  10  19   0   0   0   0]
[124 244 316 244  73 121   0   0   0   0  15  36   0   0   0   0]
[124 244 316 244  88 157   0   0   0   0  10  29   0   0   0   0]
[124 244 316 244  98 186   0   0   0   0   5  15   0   0   0   0]
[124 244 316 244 103 201   0   0   0   0 -10 -33   0   0   0   0] // opponent bump the ball
[124 244 316 244  93 168   0   0   0   0 -15 -42   0   0   0   0]
[124 244 316 244  78 126   0   0   0   0 -10 -23   0   0   0   0]
[124 244 316 244  68 103   0   0   0   0 -15 -27   0   0   0   0]
[124 244 316 244  53  76   0   0   0   0 -10 -13   0   0   0   0]
[124 244 316 244  43  63   0   0   0   0 -15 -12   0   0   0   0]
[124 244 316 244  28  51   0   0   0   0   0  -3   0   0   0   0] // wall bump the ball
[124 244 316 244  28  48   0   0   0   0  15   3   0   0   0   0]
[124 244 316 244  43  51   0   0   0   0  10   7   0   0   0   0]
[124 244 316 244  53  58   0   0   0   0  15  18   0   0   0   0]
[124 244 316 244  68  76   0   0   0   0  10  17   0   0   0   0]
[124 244 316 244  83 103   0   0   0   0  10  23   0   0   0   0]
[124 244 316 244  93 126   0   0   0   0  15  42   0   0   0   0]
[124 244 316 244 108 168   0   0   0   0  10  33   0   0   0   0]
[124 244 316 244 118 201   0   0   0   0   5 -19   0   0   0   0] // opponent bump the ball
[124 244 316 244 123 182   0   0   0   0   0 -33   0   0   0   0]
[124 244 316 244 123 149   0   0   0   0   0 -42   0   0   0   0]
[124 244 316 244 123 107   0   0   0   0   0 -23   0   0   0   0]
[124 244 316 244 123  84   0   0   0   0   0 -27   0   0   0   0]
[124 244 316 244 123  57   0   0   0   0   0 -13   0   0   0   0]
[124 244 316 244 123  44   0   0   0   0   0 -12   0   0   0   0]
[124 244 316 244 123  32   0   0   0   0   0  -3   0   0   0   0]
[124 244 316 244 123  29   0 -45   0   0   0   3   0   0   0   0]
[124 199 316 244 123  32   0 -25   0   0   0   7   0   0   0   0]
[124 174 316 244 123  39   0 -30   0   0   0  18   0   0   0   0]
[124 144 316 244 123  57   0 -15   0   0   0  17   0   0   0   0]
[124 129 316 244 123  74   0 -15   0   0   0   6   0   0   0   0]
[124 114 316 244 123  80   0  -5   0   0   0 -27   0   0   0   0] // opponent bump the ball
[124 109 316 244 123  53   0   0   6 -45   0 -33   0   0   0   0]
[124 109 322 199 123  20   0   9  -6 -36   0 -16   0   0   0   0]
[124 118 316 163 123   4   0  11 -12 -19   0   5   0   0   0   0]
[124 129 304 144 123   9   0  24 -18 -21   0  15   0   0   0   0]
[124 153 286 123 123  24   0  21  12  -9   0  15   0   0   0   0]
[124 174 298 114 123  39   0  39  18  -6   0  30   0   0   0   0]
[124 213 316 108 123  69   0  31  12   1   0  25   0   0   0   0]
[124 244 328 109 123  94   0   0  18   9   0  45   0   0   0   0]
[124 244 346 118 123 139   0   0  12  11   0  35   0   0   0   0]
[124 244 358 129 123 174   0   0   6  24   0  18   0   0   0   0]
[124 244 364 153 123 192   0   0   0  21   0 -39   0   0   0   0] // opponent bump the ball
[124 244 364 174 123 153   0   0   0  39   0 -51   0   0   0   0]
[124 244 364 213 123 102   0   0   0  31   0 -29   0   0   0   0]
[124 244 364 244 123  73   0   0   0   0   0 -36   0   0   0   0]
[124 244 364 244 123  37   0   0   0   0   0 -19   0   0   0   0]
[124 244 364 244 123  18   0 -16   0   0   0 -14   0   0   0   0]
[124 228 364 244 123   4   0 -29   0   0   0   5   0   0   0   0]
[124 199 364 244 123   9   0 -36   0   0   0  15   0   0   0   0]
[124 163 364 244 123  24   0 -19   0   0   0  15   0   0   0   0]
[124 144 364 244 123  39   0 -21   0   0   0  30   0   0   0   0]
[124 123 364 244 123  69  18 -12   0   0  20  -5   0   0   0   0] // opponent bump the ball
[142 111 364 244 143  64  12  -3   0   0  40 -57   0   0   0   0]
[154 108 364 244 183   7  18   3 -18   0  60   6   0   0   0   0] // ball over the net from opponent
[172 111 346 244 243  13  12   7  -6 -31  40   9   0   0   0   0]
[184 118 340 213 283  22   0  18  18 -39  60  21   0   0   0   0]
[184 136 358 174 343  43   0  17  12 -21  40  19   0   0   0   0]
[184 153 370 153 383  62   0  33  18 -24  20  36   0   0   0   0]                                       ... discount
[184 186 388 129 403  98   0  27 -12 -11 -40   1   0   0   0   0] // player bump the ball               r = 100
[184 213 376 118 363  99   0  31  18  -9 -60   9   0   0   0   0]
[184 244 394 109 303 108 -12   0   6  -1 -40  11   0   0   0   0]
[172 244 400 108 263 119 -18   0   0   6 -60  24   0   0   0   0]
[154 244 400 114 203 143 -12   0   0   9 -40  21   0   0   0   0] // ball over the net from payer
[142 244 400 123 163 164 -18   0   0  21 -60  39   0   0   0   0]
[124 244 400 144 103 203 -12   0   0  19 -40  31   0   0   0   0]
[112 244 400 163  63 234 -12   0   0  23 -20  18   0   0   0   0]
[100 244 400 186  43 252   0   0   0   0   0   0   0   0   0   0] // win the game
